2998
147 154 153 156
366 276 256 499
192 700 189 201
464 274 106 730
104 490 107 464
2 32 606 433
245 129 136 574
220 23 221 78
571 36 451 39
750 751 37 235
128 302 748 469
666 483 173 684
286 25 122 345
4 426 232 34
327 571 229 8
681 241 147 738
594 349 347 599
5 35 32 31
5 35 415 32
31 32 44 35
5 560 35 34
5 560 415 35
10 215 439 438
11 113 114 281
11 114 230 281
13 283 116 113
13 283 223 116
14 115 279 230
22 414 422 220
14 277 413 279
5 415 228 433
226 14 279 277
60 281 113 11
60 13 113 283
11 60 281 559
13 102 283 60
748 117 137 128
16 137 118 280
16 544 280 118
16 280 544 278
23 61 212 316
61 78 575 23
389 249 497 358
69 51 330 329
220 78 61 23
19 422 130 211
389 497 75 358
13 111 244 283
445 402 77 573
581 78 26 288
73 288 360 78
78 26 288 264
1 326 527 79
79 112 518 31
457 158 153 80
457 158 80 623
502 141 138 90
381 90 138 265
22 211 414 214
22 214 480 211
22 213 214 243
11 29 60 559
22 214 414 73
22 73 243 214
91 157 515 448
694 150 286 25
29 276 102 135
135 102 128 237
276 486 102 135
31 41 44 32
33 45 718 36
34 43 714 35
35 36 44 451
35 451 44 38
36 651 451 39
37 38 714 46
38 39 451 661
38 451 44 47
39 703 651 451
39 651 703 48
40 52 44 41
41 307 52 42
43 54 714 44
44 55 703 45
44 714 47 716
46 47 716 652
47 48 703 733
421 18 110 123
111 144 275 237
102 283 128 237
283 237 76 128
419 144 275 111
52 737 55 53
53 55 56 720
53 336 65 56
54 66 716 55
54 55 52 66
55 67 699 56
55 56 720 67
55 716 58 721
55 67 721 58
55 66 64 52
55 64 66 67
56 699 59 704
56 72 704 59
56 336 65 68
57 58 721 71
58 59 704 659
58 67 721 71
63 81 66 64
64 83 720 65
64 66 67 728
66 84 721 67
66 67 728 84
67 85 704 68
67 68 720 85
67 721 71 724
67 85 724 71
68 704 72 85
68 89 85 72
70 71 724 361
71 72 85 662
71 85 724 88
81 92 728 82
82 686 93 83
82 728 85 732
83 665 713 86
84 95 724 85
84 85 728 95
85 86 713 96
85 724 88 99
90 141 321 427
86 97 695 89
86 665 713 97
87 88 99 376
88 89 85 741
89 695 86 85
89 97 695 100
427 141 321 583
432 126 118 16
126 118 108 268
92 671 732 93
391 268 108 267
93 490 713 94
93 106 732 96
94 713 97 490
94 104 490 97
391 267 613 268
95 105 99 96
95 96 732 105
96 106 695 97
107 697 314 119
96 106 105 99
96 105 106 732
109 398 119 272
107 273 314 389
97 695 100 314
97 314 697 695
263 50 273 75
97 490 106 107
99 100 695 109
99 106 105 109
143 245 136 120
259 260 143 151
155 121 157 503
155 444 121 503
91 515 157 121
91 427 121 444
103 730 105 274
245 120 143 259
245 259 143 441
97 104 490 107
104 115 464 107
105 106 730 116
106 117 697 107
106 107 464 117
106 105 109 709
106 117 709 109
274 464 104 114
107 697 119 117
108 109 105 118
109 119 117 137
109 117 709 137
122 25 288 28
113 482 730 114
114 466 464 115
317 288 122 25
116 467 709 117
256 615 440 499
117 709 137 467
260 256 276 144
21 123 424 213
123 242 496 213
123 213 21 242
110 418 19 130
526 7 124 299
301 619 299 46
125 51 669 330
135 302 128 469
102 13 283 111
135 302 237 128
136 143 120 138
13 244 223 283
748 302 280 707
738 275 269 244
128 76 280 237
128 302 237 280
111 410 127 419
138 502 707 141
138 143 145 146
140 141 707 148
140 145 147 148
265 129 136 411
130 22 480 211
141 698 502 707
141 502 698 149
123 130 213 496
424 123 130 213
130 424 213 22
496 130 480 211
558 131 213 242
143 145 146 154
37 38 46 132
144 153 147 145
144 145 260 153
37 46 619 132
145 154 698 146
145 147 148 154
145 153 151 260
145 151 153 154
146 698 149 701
146 503 701 149
146 143 154 155
153 161 655 156
148 149 701 656
301 132 619 46
511 51 330 69
149 503 701 157
51 125 511 330
134 141 420 425
257 158 153 151
151 159 154 152
151 153 154 161
151 159 161 154
152 154 155 719
152 160 719 155
154 162 701 155
154 155 719 162
154 162 161 156
154 159 161 162
155 701 157 702
155 160 719 163
655 156 161 165
156 157 702 658
156 162 161 165
158 167 161 159
159 735 719 160
159 161 162 726
159 719 726 162
160 719 163 722
160 172 722 163
161 162 726 170
162 171 702 163
162 163 722 171
162 161 165 723
162 171 723 165
162 719 726 722
163 702 166 705
163 175 705 166
164 165 723 653
165 166 705 654
165 171 723 174
167 743 726 168
168 670 722 169
168 726 722 727
169 742 722 172
170 727 723 171
171 180 705 172
171 172 722 180
171 180 723 174
172 705 175 706
172 184 706 175
172 710 742 722
172 742 710 181
173 174 723 182
174 175 706 660
174 711 180 723
174 180 711 706
16 272 118 137
176 185 727 177
432 271 139 15
177 727 180 186
727 186 729 180
178 710 181 715
178 663 715 181
179 188 711 180
179 180 727 188
180 715 706 181
180 711 706 712
180 186 729 189
181 190 706 184
181 663 715 190
182 183 712 192
183 184 706 192
184 192 190 706
184 190 192 193
3 578 618 525
185 744 729 186
186 739 715 187
186 729 189 731
186 195 731 189
187 715 190 199
187 199 717 715
188 197 712 189
188 189 729 197
190 189 700 199
189 715 717 199
189 712 192 725
190 192 700 189
189 195 731 198
190 192 193 700
190 202 700 193
191 192 725 664
189 198 725 201
194 204 731 195
195 673 717 196
195 204 731 198
196 205 717 199
197 206 725 198
197 198 731 206
198 207 700 199
198 199 717 207
199 207 700 202
199 207 205 717
717 205 460 207
200 201 725 208
201 202 700 745
201 708 198 725
201 198 708 209
202 696 207 700
202 207 696 210
203 480 731 204
204 667 460 205
204 731 198 480
205 212 460 207
206 480 708 198
198 460 696 207
198 214 708 209
207 61 696 210
207 212 460 61
208 209 708 243
209 210 696 73
209 243 214 708
209 214 243 73
210 73 61 696
1 79 527 434
1 434 527 431
1 431 527 232
2 227 357 433
2 433 606 231
2 112 79 606
3 233 525 436
101 317 150 25
227 142 2 357
4 231 232 426
317 122 150 25
4 224 566 235
4 566 426 34
208 209 150 567
101 287 150 208
5 560 693 229
228 415 5 236
7 526 396 299
8 225 354 239
9 524 412 579
10 240 438 439
11 114 406 395
11 409 74 559
13 407 240 113
13 223 407 116
14 277 226 90
15 268 118 432
16 334 534 278
17 353 134 583
18 418 123 261
18 584 261 123
18 123 421 315
19 217 211 282
19 110 130 422
21 313 286 218
23 221 78 575
26 288 264 324
357 262 142 2
42 577 290 306
48 298 312 303
57 380 652 319
59 312 341 320
59 591 341 312
51 304 511 125
53 737 325 307
216 524 9 408
385 216 524 9
217 20 423 284
72 596 359 341
218 694 429 24
83 347 351 346
66 329 338 508
86 371 350 351
563 219 428 12
220 212 423 23
23 220 212 61
581 221 26 78
98 369 87 374
221 26 78 264
581 222 288 26
244 15 139 269
94 266 390 686
223 15 118 139
98 267 393 374
224 430 526 7
224 7 526 396
103 400 386 378
225 9 524 412
385 524 225 9
226 353 17 321
227 3 525 436
3 618 227 525
228 603 6 436
6 36 228 236
228 6 603 36
354 8 38 571
8 229 38 571
534 134 17 353
143 616 444 411
149 425 448 437
149 620 448 425
147 446 419 241
157 448 463 450
157 621 463 448
151 452 441 440
11 281 230 559
11 409 559 230
230 469 135 128
163 459 465 458
166 626 481 463
158 472 623 457
169 628 475 454
164 477 462 461
175 630 507 481
178 494 500 493
182 684 485 510
183 506 512 510
191 546 636 531
192 531 532 399
187 739 537 523
199 550 676 543
202 549 404 553
194 539 691 554
196 673 555 541
543 663 528 190
135 102 237 486
200 562 547 640
135 302 486 237
237 76 140 147
237 145 147 140
210 254 575 576
210 645 360 568
203 539 554 255
205 667 570 557
212 316 423 23
94 266 379 390
251 403 104 115
251 403 115 563
267 268 108 118
400 240 103 113
384 240 103 400
209 210 73 504
574 129 219 12
123 242 21 315
556 584 131 242
569 255 203 496
131 315 21 242
255 556 203 242
276 615 256 499
410 615 256 276
410 256 600 442
208 243 213 322
208 243 322 150
150 243 286 122
271 269 76 139
271 269 139 15
551 295 81 343
244 275 269 76
139 76 244 269
279 117 748 128
279 466 115 273
273 466 115 464
48 297 270 298
270 59 48 312
270 59 312 591
248 166 463 626
249 371 513 100
600 252 442 256
442 256 252 80
80 158 250 623
252 80 623 457
252 250 623 80
634 253 185 519
253 185 519 538
210 521 254 645
254 550 521 210
153 442 256 144
442 153 256 80
569 203 204 496
211 569 204 496
452 158 257 151
257 256 260 144
256 257 440 80
80 158 257 452
405 279 115 273
263 405 273 279
107 405 273 389
405 273 115 107
440 256 366 260
257 256 440 260
366 276 135 486
335 258 56 308
74 259 366 135
259 366 135 120
207 575 61 210
207 212 61 316
260 257 151 440
120 366 135 486
120 366 486 260
259 440 260 151
262 32 291 112
78 264 288 360
324 288 360 645
50 272 119 398
273 137 117 119
610 295 378 92
266 104 403 565
238 93 266 671
335 270 56 258
680 91 157 121
465 91 121 458
92 378 365 295
263 279 273 50
109 119 137 272
109 137 118 272
50 16 137 272
50 272 137 119
671 93 266 274
104 565 266 274
406 103 274 113
565 274 104 114
114 406 274 113
558 131 242 556
558 242 203 556
275 76 147 681
45 258 48 651
270 297 48 258
42 306 45 675
258 294 45 734
394 109 126 272
611 444 152 443
611 444 155 152
75 50 119 398
128 302 280 748
748 279 469 707
90 141 138 277
748 279 128 469
278 334 134 141
278 134 353 141
353 141 50 278
334 278 140 141
409 136 135 230
245 409 219 136
236 571 36 560
236 39 36 571
571 560 38 451
571 451 38 39
279 115 466 230
748 128 137 280
280 137 118 467
280 76 467 118
281 113 114 482
60 482 113 281
281 102 128 135
281 128 230 135
283 482 116 113
60 283 113 482
283 102 128 482
73 78 61 220
73 220 27 78
50 272 398 534
75 50 398 534
75 62 534 398
14 230 279 413
219 409 230 136
219 129 428 12
300 623 252 250
135 120 469 136
136 469 138 120
302 145 707 138
302 145 237 140
29 30 102 276
313 694 286 218
314 109 398 119
100 314 109 398
314 119 398 75
75 389 358 314
389 358 314 100
18 123 315 584
123 242 315 584
131 584 315 242
558 313 213 131
504 288 122 317
101 567 150 317
567 209 150 317
301 318 124 132
277 141 321 90
322 243 213 286
322 243 286 150
150 694 286 322
101 323 287 644
527 518 31 79
232 518 31 527
236 39 571 327
236 39 327 385
328 39 408 297
651 39 36 328
651 328 36 294
69 330 508 329
125 330 331 343
133 330 597 69
330 125 133 597
331 343 330 63
329 63 330 508
334 420 134 141
420 334 140 141
111 410 30 127
73 360 61 78
27 345 122 28
73 345 122 27
335 59 56 270
440 452 257 151
80 452 257 440
80 452 440 250
349 94 368 379
349 368 604 379
349 94 347 368
349 368 347 604
567 101 150 208
650 101 208 644
353 141 134 583
277 141 353 321
353 277 50 141
321 141 353 583
219 136 230 129
614 129 245 574
236 328 36 39
236 328 39 216
327 39 571 354
354 571 38 39
239 354 38 39
566 234 750 751
750 234 37 751
750 235 34 566
750 37 34 235
211 217 212 282
22 414 211 422
49 217 212 211
357 525 33 228
525 142 357 33
33 262 142 357
5 433 32 415
357 32 33 262
358 749 62 398
358 62 75 398
75 358 398 314
358 398 314 100
749 358 100 398
210 360 575 61
78 264 360 575
264 360 575 576
575 360 210 576
23 61 316 575
207 316 61 575
561 575 316 207
304 598 112 40
492 167 457 472
340 71 361 356
363 356 340 361
528 676 193 535
291 304 112 41
41 304 112 40
172 498 175 476
405 387 104 251
405 387 107 104
170 492 167 457
86 371 89 350
68 350 72 335
70 71 361 340
70 361 401 340
363 401 361 340
181 528 184 498
500 528 181 498
190 676 193 528
192 193 685 532
192 685 399 532
549 532 685 193
549 532 399 685
366 256 276 260
366 499 440 74
366 256 440 499
74 259 440 366
259 440 366 260
97 372 389 371
97 389 100 371
196 367 199 543
196 540 367 543
677 543 199 367
677 543 367 540
256 250 252 80
118 268 223 267
384 416 240 400
384 610 416 400
155 458 121 444
91 444 121 458
194 556 637 370
370 194 556 558
565 386 266 274
406 274 565 114
107 405 389 387
365 343 81 295
57 383 380 319
502 90 138 381
138 502 381 444
567 504 209 317
209 504 567 568
236 216 39 385
390 94 349 379
390 349 604 379
334 16 271 544
76 392 147 681
435 681 147 392
395 114 406 565
403 395 115 219
217 284 212 282
751 396 37 235
391 126 108 268
478 170 457 492
741 397 364 89
86 665 371 351
192 685 664 399
553 399 552 685
70 361 682 401
363 362 361 401
682 401 595 70
369 384 92 295
202 404 745 553
513 100 89 397
248 166 157 463
248 157 91 621
521 210 202 404
521 645 210 404
405 251 115 428
420 334 392 140
50 137 273 119
407 103 240 113
103 116 113 407
297 408 298 39
322 287 313 564
230 114 115 466
395 230 115 219
395 230 114 115
223 467 118 116
118 76 223 139
118 467 223 76
354 412 39 239
413 138 136 469
413 230 469 136
413 129 230 136
265 138 136 413
265 413 136 129
560 714 35 34
560 35 714 38
750 560 34 37
38 234 37 560
414 212 49 220
414 211 212 460
414 61 460 212
414 49 212 211
220 414 212 61
415 718 33 32
415 33 718 36
357 228 33 415
415 357 32 33
415 228 33 36
251 417 580 403
21 421 110 123
421 123 21 315
422 22 130 211
422 110 130 22
426 5 31 34
426 231 31 5
426 693 5 34
428 413 14 129
14 428 230 413
14 428 115 230
429 694 286 25
234 430 8 605
605 430 8 124
431 231 232 4
16 271 544 432
16 544 118 432
433 32 31 5
433 5 31 231
434 2 606 231
434 79 606 2
436 592 603 6
438 60 113 11
438 11 113 406
11 438 60 29
439 13 113 60
439 240 113 13
439 30 13 102
13 102 60 439
102 111 283 237
111 237 76 283
45 56 55 703
47 703 716 58
703 699 56 55
42 53 307 52
718 55 53 52
44 714 716 54
44 55 54 716
43 44 40 54
163 702 705 171
163 172 171 705
165 705 171 174
207 61 460 696
209 696 214 73
696 73 61 214
451 703 45 44
277 141 138 707
50 277 707 141
50 141 707 278
278 707 140 141
138 146 145 707
140 707 145 148
707 698 146 145
146 698 701 154
146 155 154 701
148 701 154 156
56 699 704 67
56 68 67 704
58 704 67 71
155 701 702 162
155 163 162 702
156 702 162 165
160 719 722 735
160 169 735 722
162 722 726 171
162 161 723 170
162 171 170 723
164 723 161 173
172 705 706 180
172 181 180 706
174 706 711 183
181 190 715 706
183 706 712 192
706 192 190 189
85 695 86 96
189 201 725 192
189 199 198 700
189 700 198 201
97 695 697 106
97 107 106 697
99 695 106 109
205 212 667 460
198 460 480 214
198 214 480 708
208 708 213 243
708 243 214 213
464 274 490 106
104 115 114 464
730 464 114 117
106 105 709 116
106 117 116 709
279 128 466 117
279 466 128 230
281 128 466 230
117 467 137 128
280 137 467 128
280 76 128 467
467 128 283 76
230 136 135 469
237 275 147 144
237 145 144 147
143 145 154 151
143 152 151 154
145 147 154 153
153 161 156 154
53 55 720 737
53 65 737 720
55 720 64 67
55 716 721 66
55 67 66 721
57 721 740 70
152 154 719 159
152 160 159 719
154 719 159 162
159 161 726 167
159 168 167 726
161 726 167 170
67 720 728 85
720 713 83 82
67 721 724 84
67 85 84 724
70 724 84 87
169 178 670 722
171 722 727 180
722 710 178 177
171 180 727 723
173 723 666 182
723 711 180 179
120 143 145 138
120 302 138 145
180 715 186 189
180 711 712 188
180 189 188 712
182 712 736 191
83 94 686 93
85 713 732 96
85 724 99 95
85 96 95 99
87 99 95 98
187 715 717 739
187 196 739 717
189 717 195 198
189 712 725 197
189 198 197 725
191 725 197 200
98 99 105 108
34 31 668 43
105 730 103 116
274 103 730 113
114 274 730 113
482 117 730 114
281 482 114 466
283 467 116 482
52 66 64 63
151 153 161 158
151 159 158 161
64 66 728 81
64 82 81 728
66 728 81 84
276 144 111 486
486 111 237 144
486 145 144 237
260 276 486 144
145 260 486 144
168 726 727 743
168 177 743 727
170 727 176 179
177 727 186 185
727 186 185 729
179 727 185 188
82 728 732 92
82 93 92 732
84 728 92 95
186 729 731 744
186 195 744 731
188 729 194 197
93 106 96 490
490 96 97 106
104 274 490 464
274 93 490 106
490 106 107 464
95 92 388 105
201 700 198 209
700 696 207 198
196 205 673 717
717 460 205 204
200 725 689 208
725 708 198 206
197 731 674 206
410 111 30 276
276 111 102 486
486 102 237 111
418 19 130 496
123 261 496 242
261 19 418 496
261 584 242 123
497 609 62 358
497 62 75 358
334 134 534 278
276 615 499 29
366 276 499 29
366 29 499 74
427 141 502 90
427 90 502 381
502 427 381 444
502 444 146 503
503 121 157 515
503 444 121 427
515 157 503 149
382 504 317 288
504 73 122 288
504 210 73 360
504 210 360 568
504 288 382 568
345 122 286 243
120 259 366 260
69 330 597 508
508 63 330 597
509 176 634 516
439 30 102 29
102 29 60 439
270 312 48 298
270 312 588 591
309 380 57 590
309 380 590 299
586 511 133 69
511 598 586 133
304 598 40 511
293 511 40 692
692 511 69 293
626 630 166 481
249 371 246 513
249 609 513 602
602 609 513 397
371 513 89 246
583 427 141 425
91 515 427 620
91 515 620 448
427 515 149 620
620 515 149 448
620 621 91 448
248 463 621 626
248 463 157 621
591 335 59 341
591 596 335 341
630 247 175 507
630 633 247 507
596 246 72 359
596 602 246 359
612 535 184 549
337 383 70 595
337 590 383 595
569 261 255 496
584 556 255 242
79 112 598 518
326 586 518 79
232 586 518 326
112 598 518 40
634 253 519 533
253 519 370 538
538 194 519 370
634 533 519 517
521 641 254 645
254 550 548 521
641 645 521 404
550 521 202 548
200 650 649 552
419 111 275 127
244 111 275 76
127 111 275 244
524 39 412 298
216 39 524 408
385 216 39 524
354 524 39 412
327 39 354 524
408 524 298 39
217 423 212 284
49 423 212 217
285 284 212 423
525 289 142 33
233 525 33 289
37 526 124 619
526 37 396 619
751 234 37 526
751 526 37 396
234 526 605 37
37 526 605 124
527 606 31 231
527 79 31 606
527 231 31 232
268 126 118 432
111 237 275 76
76 275 147 237
533 253 519 637
533 637 519 517
110 123 418 130
123 418 130 496
261 418 123 496
263 50 75 226
16 272 50 534
273 117 137 748
279 117 273 748
210 360 61 73
107 119 314 273
273 50 119 75
209 122 150 317
209 504 122 317
599 542 344 594
542 349 604 390
347 599 344 594
544 76 280 118
544 280 76 140
544 139 76 118
544 76 392 140
544 271 76 139
413 277 138 279
90 277 138 265
277 413 138 265
544 280 140 278
334 544 140 278
334 544 392 140
559 102 281 135
559 29 102 135
559 409 74 135
559 281 230 135
559 409 135 230
560 451 36 35
560 38 234 229
415 560 36 35
228 36 415 236
236 560 36 415
403 219 115 563
251 563 417 403
139 76 223 244
266 93 490 274
104 266 490 274
50 226 279 277
50 280 137 16
50 278 280 16
534 278 50 16
441 453 455 152
441 151 152 455
441 151 455 452
79 598 586 518
313 322 213 286
566 750 426 34
283 111 244 76
223 244 76 283
50 707 280 278
278 280 140 707
277 707 138 279
50 277 279 707
511 125 598 133
511 304 598 125
278 134 534 353
534 353 50 278
226 277 321 90
226 277 353 321
353 226 50 277
236 571 560 229
229 560 38 571
236 571 229 327
245 136 219 574
136 129 219 574
335 59 270 591
134 141 425 583
498 247 175 630
210 254 576 645
324 360 576 645
576 360 210 645
350 246 72 596
350 72 335 596
249 246 602 513
476 630 166 626
476 166 248 626
249 609 497 358
513 249 100 358
158 250 623 471
294 6 603 577
675 577 33 42
435 420 271 392
420 334 271 392
253 519 637 370
370 194 519 637
261 584 255 242
203 554 556 255
345 220 27 73
27 221 581 78
27 220 221 78
259 120 143 260
120 145 143 260
563 219 115 428
251 428 563 115
219 230 115 428
438 439 113 60
438 240 113 439
400 438 240 113
525 233 33 592
577 592 33 233
212 316 285 423
344 83 594 348
344 594 542 348
686 94 83 594
686 94 594 349
348 349 594 542
28 222 288 581
345 25 122 28
567 101 208 650
598 586 518 40
598 586 40 511
42 675 577 306
410 256 615 600
615 300 600 256
50 273 137 748
279 273 50 748
228 603 33 36
525 592 33 603
228 33 603 525
675 603 33 577
675 36 33 603
577 603 33 592
234 38 37 605
37 38 132 605
37 132 124 605
606 32 31 433
606 433 31 231
606 112 79 31
112 32 31 606
232 426 31 34
232 231 31 426
614 607 129 574
308 258 45 306
742 498 172 493
445 625 77 402
459 611 152 443
459 611 155 152
459 155 611 458
532 612 184 549
164 625 461 445
164 446 445 461
382 567 317 504
209 73 122 504
209 73 243 122
150 209 243 122
401 383 595 70
618 289 142 525
618 142 227 525
619 526 124 299
526 619 396 299
597 295 551 343
411 616 614 245
30 111 102 276
226 50 75 534
46 309 296 299
619 299 296 396
46 296 619 299
411 129 136 245
271 617 241 269
573 271 617 241
578 289 618 525
233 578 525 289
573 617 445 241
445 77 617 573
301 124 299 619
37 619 124 132
301 132 124 619
442 153 80 457
442 80 252 457
442 446 153 457
307 669 647 52
647 51 52 669
647 51 669 125
238 92 93 671
238 92 671 378
575 648 207 561
575 648 210 207
575 648 254 210
538 197 194 674
538 194 370 558
674 197 547 538
385 39 327 524
125 330 343 597
343 597 330 63
496 255 203 242
496 261 255 242
281 482 128 102
559 60 281 102
559 29 60 102
232 4 34 235
232 34 292 235
200 650 640 649
200 546 649 640
57 590 380 383
575 221 78 264
297 39 651 328
297 328 651 294
565 395 104 403
115 403 104 395
294 603 675 577
294 36 675 603
144 410 111 419
410 256 144 276
410 144 111 276
410 144 256 442
410 419 144 442
19 211 569 282
261 19 496 569
569 19 496 211
135 276 366 29
135 29 366 74
135 29 74 559
652 380 301 319
46 47 652 301
46 652 380 301
47 48 733 303
47 733 311 303
320 303 311 733
296 309 46 310
57 310 54 46
57 310 46 309
310 54 43 293
160 454 475 459
160 475 163 459
163 476 166 465
164 165 653 468
164 653 679 468
165 166 654 470
165 654 479 470
487 470 479 654
87 88 376 363
88 89 741 364
88 741 373 364
377 364 373 741
212 572 285 316
205 212 207 561
561 572 205 212
561 316 212 207
389 273 75 263
389 405 273 263
147 148 655 435
147 655 573 435
449 655 435 573
148 149 656 437
148 656 447 437
450 437 447 656
168 473 646 167
683 168 657 474
169 474 657 168
169 474 456 657
156 157 658 450
156 658 449 450
470 450 449 658
53 336 56 308
53 332 336 308
57 58 340 319
57 340 383 319
58 59 659 320
58 659 339 320
342 320 339 659
169 742 172 493
65 346 68 336
351 336 68 346
174 175 660 487
174 660 506 487
512 487 506 660
38 39 661 239
71 72 662 342
71 662 356 342
364 342 356 662
178 663 181 500
182 183 531 510
183 184 532 512
183 532 531 512
191 192 664 399
191 664 546 399
552 399 546 664
83 347 665 351
83 665 86 351
372 351 665 347
322 313 213 564
118 223 116 393
118 223 393 267
310 337 740 338
70 338 66 740
70 338 740 337
478 501 666 505
182 505 179 666
182 505 666 501
505 529 736 530
191 530 188 736
191 530 736 529
37 396 296 235
37 619 296 396
46 296 43 37
46 296 37 619
530 545 197 547
200 547 197 545
667 282 570 557
212 282 667 211
212 282 570 667
33 291 289 142
33 291 142 262
262 32 33 291
291 32 33 41
42 291 33 41
42 291 289 33
518 668 40 293
232 292 668 293
43 293 40 668
43 293 668 292
103 388 105 407
94 387 97 372
98 99 108 376
98 108 391 376
391 376 108 394
99 100 109 377
99 109 394 377
398 377 109 100
398 377 394 109
386 274 565 406
307 669 333 647
333 331 669 64
64 331 669 63
737 333 325 307
307 52 737 669
669 52 737 64
65 333 737 64
65 333 325 737
333 64 83 348
344 333 83 348
348 64 83 82
508 66 63 551
551 81 66 63
355 84 66 551
84 551 81 66
177 489 743 176
474 495 670 491
178 495 670 177
178 495 491 670
495 178 514 523
187 523 178 186
187 523 514 178
520 744 536 539
195 539 744 194
195 539 536 744
739 541 537 523
196 541 739 195
196 541 537 739
686 238 390 348
348 686 83 594
348 686 594 349
348 686 349 390
238 671 266 386
386 671 266 274
274 386 671 103
199 672 202 550
688 672 199 550
648 550 672 747
550 210 672 202
648 550 210 672
200 201 208 552
200 208 650 552
567 552 650 208
201 202 745 553
201 745 567 553
568 553 567 745
547 562 689 564
208 564 206 689
208 564 689 562
673 557 555 541
205 557 673 204
205 557 555 673
538 674 194 558
558 203 674 194
206 558 203 674
206 558 674 689
651 258 48 297
297 48 651 39
651 297 294 258
108 109 126 394
108 126 391 394
143 443 152 444
143 152 155 444
444 155 143 146
675 734 45 294
675 294 577 734
294 45 675 36
54 293 310 329
293 54 51 329
293 51 69 329
553 549 399 685
688 677 199 367
746 677 367 540
688 677 550 199
379 387 368 580
561 572 678 205
555 205 678 570
555 570 678 643
45 308 56 258
308 56 53 45
320 733 312 303
320 733 58 59
320 733 59 312
305 306 42 290
305 306 290 589
301 47 652 311
319 311 301 652
54 293 40 43
293 51 54 40
293 51 40 511
511 51 69 293
310 46 43 54
296 43 310 46
679 173 484 653
484 468 625 679
484 483 173 679
484 483 679 625
487 470 654 481
487 654 174 175
487 654 175 481
468 165 653 479
485 479 468 653
465 91 680 121
465 121 680 163
465 166 163 680
465 166 680 248
465 680 91 248
363 88 376 373
301 132 46 38
301 318 132 38
38 47 301 661
301 38 46 47
303 661 47 48
303 661 48 298
303 239 661 298
577 233 33 290
289 290 33 233
435 392 147 420
435 420 147 148
664 685 552 399
664 201 552 685
552 664 200 201
269 76 681 271
76 392 681 271
271 241 681 269
573 271 241 681
450 656 448 437
450 656 156 157
450 656 157 448
441 443 143 616
342 341 320 659
342 659 71 72
342 659 72 341
435 148 655 447
449 447 435 655
470 463 450 658
470 658 165 166
470 658 166 463
473 471 646 167
477 679 173 483
477 625 679 483
325 332 53 589
325 332 589 593
68 351 350 336
68 351 86 350
351 86 83 68
682 361 362 401
362 401 595 682
682 87 362 361
362 601 87 682
362 601 682 595
455 683 657 474
455 159 160 683
683 646 455 159
683 474 455 646
455 683 160 657
364 342 662 359
364 662 88 89
364 662 89 359
462 478 164 161
500 498 742 493
742 500 181 498
500 181 178 742
512 487 660 507
512 660 183 184
512 660 184 507
491 493 169 628
491 493 628 494
522 514 494 663
514 187 663 522
344 346 65 593
344 346 593 347
684 484 485 510
173 684 484 485
510 632 684 484
665 372 371 351
665 372 97 371
372 97 94 665
87 376 375 363
87 98 375 376
87 362 363 375
375 374 98 87
375 374 87 601
375 362 601 87
377 397 364 741
377 741 99 100
397 100 741 377
543 500 528 663
500 663 181 528
553 685 201 202
553 685 202 549
543 522 187 540
537 540 187 522
557 667 282 569
282 569 667 211
235 37 292 296
296 43 37 292
379 387 94 368
564 213 208 206
564 313 213 558
564 213 206 558
338 355 66 508
338 355 70 66
375 391 98 267
376 99 108 394
386 103 274 406
386 400 103 406
125 669 331 330
647 669 331 125
331 330 669 63
307 669 737 333
333 669 737 64
269 76 275 681
681 738 275 269
681 241 738 269
492 509 167 472
488 167 509 472
488 509 634 472
402 625 164 445
473 167 168 743
473 488 167 743
473 489 488 743
446 164 161 462
446 161 655 153
161 457 153 446
161 462 457 446
446 655 161 164
333 331 64 348
348 331 64 82
310 740 57 54
310 740 54 329
310 740 329 338
407 388 240 103
388 240 103 384
352 682 87 601
352 595 682 601
474 670 495 489
495 489 670 177
501 684 182 632
501 483 684 632
484 632 684 483
478 666 173 170
478 505 666 492
478 666 170 492
531 636 191 529
531 636 529 632
523 739 541 536
541 536 739 195
505 736 182 179
505 530 736 516
505 736 179 516
520 517 185 519
520 691 517 519
520 185 186 744
520 519 185 539
520 539 185 744
530 197 191 188
530 197 188 538
530 197 538 547
348 82 83 686
348 365 82 686
348 238 365 686
546 640 200 545
546 640 545 636
375 267 98 374
369 388 95 92
369 388 92 384
238 671 386 378
386 378 671 103
196 540 687 367
746 367 687 540
746 678 540 687
555 687 196 540
555 687 540 678
552 201 208 567
745 404 568 553
568 745 209 210
404 210 745 568
747 672 688 550
561 677 688 367
747 677 550 688
561 367 688 205
561 207 205 688
561 207 688 672
547 689 200 197
689 674 197 547
541 673 557 539
557 539 673 204
562 650 208 644
562 640 650 644
73 78 27 288
27 122 288 28
73 122 288 27
27 28 288 581
27 78 581 288
328 39 216 408
21 123 110 424
110 123 130 424
130 110 424 22
413 428 230 129
422 49 414 211
357 228 415 433
433 357 32 415
544 76 271 392
438 406 113 400
73 122 345 243
22 73 345 243
254 548 641 521
398 749 690 100
397 513 100 690
471 167 488 472
194 691 637 554
517 519 691 637
519 194 691 637
692 511 40 586
586 511 69 692
518 692 40 586
544 271 139 432
544 139 118 432
322 694 286 313
234 560 750 37
426 750 693 34
750 693 34 560
22 424 213 286
22 213 243 286
22 345 286 243
150 101 694 287
218 287 694 24
313 287 694 218
150 287 694 322
322 287 694 313
101 24 694 287
366 276 486 260
300 252 256 250
300 252 600 256
615 300 256 250
144 260 257 153
260 153 151 257
264 288 360 324
264 360 576 324
314 273 75 389
314 119 75 273
223 283 467 116
467 283 223 76
230 114 466 281
334 544 271 392
413 138 469 279
413 230 279 469
411 129 245 614
92 295 384 610
610 92 378 384
508 551 63 597
343 597 63 551
89 741 695 85
89 695 741 100
96 106 99 695
695 109 100 314
85 99 695 96
695 109 697 106
202 745 696 700
202 696 745 210
198 214 209 696
700 209 696 198
697 109 314 119
695 697 109 314
106 117 109 697
697 109 119 117
560 36 451 571
560 38 451 35
141 148 698 707
141 698 148 149
145 154 148 698
698 148 149 701
707 148 698 145
698 148 701 154
48 733 699 703
48 699 733 59
55 67 58 699
699 58 59 704
703 58 699 55
699 58 704 67
149 701 656 157
154 162 156 701
701 156 157 702
701 156 702 162
157 702 658 166
162 171 165 702
702 165 166 705
702 165 705 171
39 661 703 451
39 703 661 48
44 716 47 703
451 47 703 44
59 704 659 72
67 85 71 704
704 71 72 85
166 705 654 175
171 180 174 705
705 174 175 706
705 174 706 180
175 706 660 184
711 712 183 706
72 85 662 89
748 302 707 469
302 145 140 707
99 105 108 109
105 118 109 709
105 118 709 116
560 37 714 34
560 714 37 38
201 208 708 725
201 708 208 209
206 213 208 708
725 208 708 206
32 44 35 718
415 35 718 32
415 718 35 36
109 709 118 137
116 467 118 709
709 118 137 467
172 180 710 722
172 710 180 181
177 186 180 710
710 180 181 715
722 180 710 177
710 180 715 186
174 182 711 723
174 711 182 183
179 736 182 711
711 182 183 712
723 182 711 179
711 182 712 736
188 197 191 712
712 191 192 725
712 191 725 197
68 85 713 720
68 713 85 86
82 732 85 713
720 85 713 82
279 128 469 230
38 714 46 47
714 46 47 716
717 460 198 207
204 480 198 460
717 198 460 204
186 195 189 715
715 189 190 199
715 189 717 195
45 44 55 718
718 44 55 52
47 716 652 58
54 740 57 716
716 57 58 721
716 57 721 740
114 466 117 464
279 466 273 117
273 466 464 117
273 117 464 107
148 147 655 156
148 154 147 156
147 156 153 655
189 717 198 199
195 204 198 717
36 44 451 45
41 52 44 718
155 719 162 163
159 168 726 719
719 162 163 722
719 726 722 168
56 720 67 68
64 728 67 720
414 211 460 214
414 61 214 460
66 84 70 721
721 70 71 724
721 70 724 84
163 722 171 172
726 727 171 722
165 723 653 174
170 666 173 723
71 724 361 88
84 95 87 724
724 87 88 99
724 87 99 95
135 120 302 469
469 302 138 120
161 164 165 723
161 173 723 170
93 490 96 713
713 96 97 490
95 105 98 99
192 725 664 201
197 689 200 725
5 34 35 31
31 44 43 35
31 43 34 35
274 730 105 106
106 274 93 732
274 732 106 105
44 52 54 55
51 66 54 52
162 726 170 171
167 176 170 726
726 170 171 727
726 170 727 176
22 214 213 480
130 22 213 480
496 130 213 480
176 185 179 727
727 188 180 729
727 188 729 185
67 728 84 85
81 92 84 728
728 95 85 732
728 95 732 92
180 729 188 189
185 194 188 729
729 197 189 731
729 197 731 194
40 52 54 44
203 480 206 731
731 206 198 480
106 730 116 117
113 482 116 730
482 117 116 730
189 731 197 198
194 674 197 731
85 732 95 96
92 105 95 732
439 215 30 29
276 410 615 30
29 615 30 276
215 615 30 29
559 29 74 11
47 733 703 58
733 58 699 703
733 699 58 59
716 703 55 58
44 55 716 703
46 716 54 57
43 54 46 714
714 46 716 54
45 56 703 48
48 699 56 703
48 56 699 59
270 59 56 48
41 52 718 42
42 53 52 718
42 53 718 45
45 55 53 718
45 53 55 56
296 293 310 43
46 652 716 57
652 716 57 58
258 734 45 306
675 306 45 734
675 734 577 306
40 51 54 52
304 40 52 51
455 657 456 474
165 654 705 174
654 705 174 175
163 172 705 175
163 172 175 476
159 168 719 735
735 719 722 168
735 169 168 722
683 159 735 168
683 168 735 657
169 657 735 168
204 211 460 667
667 212 211 460
198 214 696 460
460 61 214 696
36 45 451 651
651 703 45 451
651 45 703 48
32 41 718 33
33 42 41 718
156 658 702 165
658 702 165 166
174 660 706 183
660 706 183 184
35 44 714 38
38 44 714 47
177 186 710 178
178 710 715 186
178 187 186 715
485 653 468 484
679 653 484 468
38 661 451 47
661 47 703 451
661 703 47 48
736 712 188 191
179 188 736 711
711 736 712 188
86 96 695 97
86 97 713 96
280 76 140 237
280 302 237 140
280 302 140 707
138 146 707 502
502 698 146 707
502 146 698 149
503 149 146 502
37 714 43 46
34 43 37 714
64 82 720 83
56 68 704 72
56 335 68 72
52 64 55 737
737 55 720 64
737 65 64 720
146 155 701 503
503 155 701 157
419 275 738 127
275 147 419 738
35 36 718 44
36 718 44 45
148 656 701 156
656 701 156 157
58 659 704 71
659 704 71 72
712 706 189 192
180 189 712 706
155 163 702 121
680 121 702 163
680 166 163 702
190 199 700 202
190 199 202 676
535 676 193 548
168 177 722 670
670 178 177 722
192 700 201 685
685 700 201 202
168 474 646 473
164 653 723 173
653 723 173 174
71 662 85 88
662 85 88 89
666 723 179 182
170 179 666 723
186 195 715 739
739 715 717 195
739 196 195 717
740 721 66 70
54 66 740 716
716 740 721 66
160 169 722 172
160 169 172 475
180 189 706 715
715 190 189 706
532 512 184 612
172 181 706 184
172 181 184 498
88 741 85 99
741 99 695 85
741 695 99 100
469 302 707 138
279 707 138 469
68 86 85 89
68 86 89 350
82 93 713 83
83 94 93 713
169 178 722 742
742 710 178 722
742 178 710 181
103 730 113 116
167 176 726 743
743 726 727 176
743 177 176 727
57 71 721 70
57 71 70 340
170 179 723 727
727 180 179 723
543 522 500 663
500 522 494 663
51 63 52 669
669 64 63 52
727 722 177 180
168 177 727 722
32 41 44 718
435 271 681 392
681 271 435 573
70 361 724 87
361 724 87 88
728 720 82 85
64 82 728 720
51 63 66 52
329 63 66 51
206 213 708 480
480 214 213 708
466 482 117 128
482 117 114 466
281 482 466 128
480 460 211 214
204 211 480 460
250 158 646 471
185 194 729 744
744 729 731 194
744 195 194 731
33 42 718 45
33 42 45 675
668 31 40 43
31 40 43 44
518 40 668 31
182 192 712 191
182 192 191 531
212 561 572 316
143 152 154 155
283 128 467 482
482 467 117 128
482 117 467 116
83 94 713 665
665 94 713 97
31 40 44 41
112 31 41 40
732 713 93 96
82 93 732 713
647 669 333 331
53 65 720 56
56 65 720 68
302 145 486 237
145 260 120 486
120 486 302 145
187 196 717 199
187 196 199 543
655 165 161 164
655 165 164 449
97 107 697 314
97 107 314 389
303 239 301 661
239 301 38 318
38 661 301 239
190 543 676 528
178 187 715 663
663 187 715 190
35 43 714 44
87 376 99 98
508 355 66 551
65 83 720 68
68 713 83 720
68 83 713 86
191 664 725 200
664 725 200 201
203 213 206 480
496 203 480 213
496 242 203 213
558 213 206 203
558 213 203 242
388 92 103 105
92 103 105 732
92 103 732 671
732 274 671 103
97 387 389 372
689 725 206 208
197 206 689 725
201 745 700 209
745 209 696 700
745 696 209 210
195 204 717 673
673 205 204 717
674 731 203 206
194 203 674 731
194 203 731 204
539 194 204 203
561 677 367 746
561 367 687 746
561 678 746 687
558 674 547 538
689 558 674 547
689 564 558 547
648 747 672 561
561 672 688 747
561 677 747 688
220 212 49 423
227 436 525 228
433 227 357 228
49 217 211 422
422 414 49 220
266 238 390 686
686 93 266 238
496 19 130 211
50 279 748 707
50 707 748 280
50 748 137 280
17 353 226 534
439 29 60 438
283 102 482 60
281 60 482 102
219 129 230 428
502 444 503 427
427 149 503 502
409 245 259 135
245 135 136 120
245 259 135 120
245 136 135 409
101 150 694 25
24 101 694 429
429 101 694 25
360 645 288 568
504 360 73 288
504 360 288 568
247 535 184 612
633 639 535 612
91 427 515 121
503 121 515 427
427 515 503 149
459 152 454 443
358 609 62 749
513 358 100 749
749 513 690 100
232 668 518 293
232 692 518 586
232 518 668 31
232 293 518 692
164 461 462 446
520 539 691 519
133 511 330 69
511 125 133 330
229 38 234 8
327 571 8 354
234 38 605 8
239 318 38 354
354 318 38 8
605 38 132 8
318 8 132 38
566 751 750 235
566 234 426 750
426 234 693 750
560 234 693 229
234 693 750 560
223 15 139 244
263 226 279 50
326 518 527 79
232 518 527 326
298 297 270 588
270 312 298 588
609 249 513 358
397 609 513 690
609 358 513 749
749 609 690 513
297 408 579 298
524 298 412 579
408 524 579 298
602 397 513 359
246 602 513 359
641 404 521 549
548 641 521 549
633 535 247 612
612 633 507 247
218 694 286 429
224 234 526 430
434 231 527 431
556 255 642 584
556 554 642 255
471 472 488 627
61 360 575 78
414 214 61 73
414 73 61 220
738 275 244 127
74 409 259 135
225 412 354 239
225 524 354 412
327 354 225 524
385 524 327 225
357 227 525 228
227 142 357 525
566 234 751 224
566 224 751 235
224 396 751 235
224 234 751 526
224 526 751 396
234 526 430 605
605 526 430 124
436 233 525 592
436 592 525 603
228 525 603 436
527 434 606 231
527 79 606 434
527 231 232 431
433 2 32 357
112 32 606 2
235 4 34 566
693 5 34 560
236 560 5 229
327 354 8 225
236 560 415 5
236 6 36 328
236 6 328 216
294 36 603 6
577 6 603 592
328 6 36 294
239 8 318 354
400 10 240 438
439 29 438 215
406 11 113 114
395 11 230 219
395 11 114 230
219 11 230 409
251 12 563 428
407 116 113 13
405 14 115 279
405 428 115 14
263 405 279 14
263 14 279 226
265 14 413 129
90 277 265 14
277 14 413 265
432 139 118 15
126 272 118 16
334 16 544 278
110 18 418 123
422 217 211 19
131 313 213 21
313 286 213 21
424 21 213 286
22 73 414 220
22 220 345 73
150 122 286 25
28 25 288 222
2 32 357 262
2 32 262 112
112 31 32 41
112 518 31 40
232 668 34 31
291 112 32 41
33 45 36 675
577 290 33 42
42 289 291 305
235 34 292 37
37 43 34 292
232 292 34 668
43 668 34 292
43 296 293 292
36 294 45 651
605 132 124 8
526 7 430 124
318 8 124 132
408 9 579 524
303 661 301 47
298 412 239 39
661 39 48 298
661 239 39 298
291 305 307 42
291 41 42 307
291 41 307 304
518 293 40 692
304 40 41 52
304 511 40 51
307 304 41 52
307 647 304 52
42 306 53 45
305 307 53 325
53 307 305 42
308 45 53 306
45 258 56 48
45 651 294 258
270 48 56 258
46 57 380 652
46 299 301 380
309 590 57 337
309 46 57 380
309 46 380 299
57 337 310 309
47 58 311 733
47 301 303 311
652 47 58 311
733 48 312 303
320 733 311 58
733 48 59 312
339 320 311 58
319 652 57 58
319 311 652 58
339 311 319 58
304 51 52 647
304 51 647 125
307 52 53 737
669 330 51 63
329 66 54 51
329 63 51 330
53 332 65 336
53 308 306 332
332 589 306 53
325 344 333 65
65 737 325 53
740 66 54 329
56 335 72 59
336 68 56 335
336 56 308 335
57 58 71 340
57 70 383 340
337 352 595 70
337 57 70 383
337 590 57 383
310 337 57 740
740 66 329 338
70 740 57 337
70 352 338 337
58 71 339 659
340 319 58 339
340 58 71 339
659 341 320 59
342 659 339 71
659 59 72 341
359 341 342 72
333 64 65 83
344 333 65 83
331 63 64 81
331 343 63 81
329 66 63 508
348 365 331 82
82 331 64 81
65 346 83 68
65 346 336 332
346 593 332 65
351 68 83 346
355 84 70 66
68 89 72 350
68 350 335 336
70 87 682 361
352 355 601 87
352 70 87 682
352 595 70 682
401 340 383 70
338 352 70 355
87 355 84 70
87 355 70 352
71 88 356 662
71 339 342 356
361 71 88 356
340 339 71 356
350 89 72 246
662 342 72 359
364 662 356 88
662 72 89 359
363 361 87 88
363 356 361 88
363 362 87 361
397 359 364 89
513 397 89 359
331 81 82 365
331 81 365 343
365 81 82 92
365 295 81 92
551 92 84 81
551 369 92 295
551 92 81 295
686 365 82 93
686 238 365 93
93 365 82 92
83 347 94 665
372 665 94 347
551 84 369 355
355 87 84 369
369 95 87 84
95 369 92 84
92 551 84 369
86 665 97 371
86 97 89 371
371 350 246 89
374 601 355 87
98 369 95 87
355 87 369 374
88 99 373 741
88 356 364 373
376 88 99 373
363 356 88 373
371 100 97 89
371 100 89 513
377 741 373 99
365 92 93 238
365 92 238 378
686 93 94 266
671 378 92 103
388 103 92 384
266 93 94 490
732 274 93 671
94 104 97 387
94 387 372 347
387 368 347 94
379 104 403 266
104 266 94 490
104 266 379 94
369 98 95 393
369 98 393 374
393 105 98 95
369 393 95 388
105 388 95 393
97 387 107 389
97 314 100 389
387 107 104 97
389 371 249 100
98 375 376 391
108 393 105 98
108 393 98 267
99 373 377 394
108 99 109 394
376 373 99 394
398 690 377 100
274 103 732 105
406 400 103 113
106 464 730 117
114 274 464 730
565 114 104 395
115 395 104 114
405 104 115 251
405 104 107 115
388 393 105 407
393 116 118 105
393 116 105 407
116 103 105 407
107 117 119 273
273 464 115 107
108 109 118 126
393 116 407 223
118 393 105 108
118 393 108 267
118 15 223 268
109 272 394 398
126 109 118 272
226 50 534 353
226 534 75 17
30 111 13 102
120 486 135 302
136 411 143 265
136 143 138 265
411 245 136 143
411 616 245 143
444 265 143 411
444 265 138 143
127 111 244 13
111 30 13 127
138 444 146 502
138 381 265 444
444 146 143 138
76 140 147 392
147 419 144 275
147 241 419 738
140 141 148 420
420 392 147 140
420 140 147 148
321 353 17 583
427 149 502 141
420 141 148 149
420 141 149 425
447 420 435 148
437 420 149 425
437 420 148 149
437 447 148 420
615 250 256 440
260 145 143 151
143 443 444 616
259 151 143 441
259 441 440 151
152 441 143 151
419 147 144 446
419 144 442 446
446 153 147 144
446 153 144 442
153 256 257 144
146 444 155 503
147 681 435 573
446 147 655 445
446 147 445 241
655 446 153 147
148 156 447 656
655 148 156 447
656 149 448 437
450 656 447 156
656 149 157 448
449 447 655 156
256 153 257 80
256 440 250 80
80 158 153 257
80 158 452 250
455 151 152 159
455 452 151 159
159 452 151 158
160 455 152 159
160 455 453 152
160 453 455 456
459 152 160 454
459 152 155 160
161 457 158 153
155 702 157 121
155 458 163 121
459 163 160 155
459 163 155 458
611 155 444 458
680 121 157 702
465 121 163 458
655 156 165 449
164 446 655 445
164 445 655 402
156 165 449 658
156 447 450 449
680 166 702 157
680 166 157 248
680 157 91 248
658 463 450 157
470 658 449 165
658 157 166 463
468 625 164 449
468 449 164 165
481 463 470 166
452 646 159 455
452 158 159 646
452 158 646 250
646 158 159 167
646 471 158 167
457 462 161 478
457 167 161 158
457 167 158 472
471 167 473 488
683 159 160 735
168 646 159 167
168 646 683 159
168 474 683 646
160 454 169 475
160 172 163 475
454 456 160 169
454 628 456 169
683 735 160 657
455 160 456 657
169 657 160 735
169 657 456 160
169 456 474 491
478 170 173 161
478 170 161 457
170 457 167 161
163 175 166 476
163 476 465 459
475 172 163 476
475 163 459 476
476 465 248 166
493 628 475 169
493 475 172 169
493 475 476 172
498 476 172 493
461 625 164 477
164 173 679 653
477 164 173 679
477 625 164 679
679 468 625 164
462 477 164 478
173 478 161 164
173 478 164 477
173 477 483 478
165 174 479 654
165 449 470 479
653 165 174 479
468 449 165 479
476 175 166 630
654 470 166 481
487 654 479 174
654 166 175 481
485 653 173 174
485 479 653 174
485 173 653 484
507 481 487 175
473 474 489 168
474 670 169 491
474 168 169 670
474 168 670 489
743 488 167 176
743 489 488 176
492 176 170 167
492 176 167 509
488 176 489 520
670 489 168 177
473 168 489 743
177 743 489 168
169 493 178 742
491 514 495 178
178 670 491 169
500 742 178 493
666 505 179 492
666 179 170 492
179 492 176 170
172 742 181 498
172 184 175 498
498 476 630 175
501 666 182 684
173 174 182 485
173 182 684 485
666 173 182 684
478 501 483 666
478 483 173 666
501 483 666 684
182 632 505 501
174 183 506 660
174 479 487 506
485 174 182 183
485 174 183 506
485 479 174 506
498 184 175 247
660 487 175 507
512 660 506 183
660 175 184 507
510 632 182 684
510 485 182 183
510 506 485 183
489 520 177 495
489 176 177 520
520 495 523 177
495 177 178 523
520 176 177 185
492 179 176 516
492 176 509 516
492 505 179 516
516 185 179 176
516 185 176 634
634 516 185 253
178 523 177 186
186 520 177 185
186 520 523 177
500 663 494 178
514 187 537 523
736 530 188 516
736 188 179 516
188 516 185 179
181 190 184 528
663 190 181 528
528 498 247 184
543 663 190 187
632 182 505 529
182 183 192 531
529 545 636 191
531 510 632 182
505 529 182 736
191 736 182 529
191 545 530 529
183 184 192 532
183 192 531 532
183 510 512 531
528 193 190 184
528 193 184 535
528 184 247 535
612 512 184 507
612 247 507 184
532 184 192 193
532 184 193 549
399 531 191 192
399 546 191 531
520 186 523 536
523 186 187 739
523 186 739 536
539 519 185 194
744 539 185 194
516 188 185 538
516 185 253 538
516 530 188 538
538 194 188 185
538 194 185 519
519 194 539 691
739 536 186 195
520 186 536 744
195 744 536 186
195 541 536 539
187 199 190 543
543 540 187 196
543 522 663 187
537 555 541 196
196 739 537 187
197 538 194 188
190 543 199 676
190 202 193 676
191 200 546 664
530 545 191 197
200 197 191 545
200 640 547 545
192 193 700 685
192 201 664 685
552 664 546 200
676 202 193 548
553 685 552 201
685 193 700 202
685 193 202 549
550 676 202 199
550 676 548 202
521 404 202 549
541 195 196 673
541 195 673 539
539 194 195 204
539 554 194 203
558 203 194 556
673 539 195 204
557 569 539 204
196 205 199 367
196 687 205 367
555 570 557 205
205 673 555 196
677 543 550 199
688 367 199 205
561 367 205 687
206 674 197 689
206 564 558 689
199 207 202 672
688 207 205 199
688 207 199 672
648 672 207 561
200 546 552 649
562 208 564 644
562 200 208 650
562 640 200 650
547 562 200 689
208 689 200 562
201 209 567 745
208 201 209 567
552 553 201 567
672 210 207 202
550 210 202 521
568 745 567 209
648 672 210 207
648 550 254 210
539 203 204 569
539 203 569 255
557 204 205 667
557 204 667 569
496 203 204 480
131 242 21 213
667 569 204 211
211 496 204 480
561 678 687 205
570 212 284 282
212 667 570 205
208 209 243 150
564 208 322 287
564 644 208 287
322 213 208 564
209 210 504 568
567 504 382 568
232 326 527 1
233 3 525 578
416 10 240 400
251 12 417 563
607 12 129 574
271 269 15 582
285 284 423 20
285 585 284 20
101 24 287 323
233 587 578 289
289 42 290 305
289 290 587 305
289 42 33 290
289 290 233 587
298 297 39 48
297 298 579 588
290 589 587 305
305 53 589 325
305 53 42 306
305 53 306 589
325 65 593 344
325 65 53 332
325 65 332 593
335 72 59 341
335 596 72 341
551 81 63 343
344 83 347 594
349 604 599 542
344 83 65 346
344 83 346 347
344 347 593 599
246 89 72 359
246 513 89 359
347 604 599 349
686 94 349 390
348 349 542 390
594 94 83 347
594 94 347 349
594 349 599 542
397 100 89 741
374 375 608 601
397 690 100 377
368 580 604 379
378 384 92 103
378 384 103 400
378 384 400 610
379 104 94 387
379 104 387 251
379 403 104 251
379 403 251 580
379 251 387 580
375 391 267 613
98 391 108 267
375 613 267 374
375 608 613 374
249 389 100 358
75 62 17 534
245 143 616 441
681 738 147 275
271 617 269 582
425 427 141 149
427 620 149 425
427 425 583 620
441 152 143 443
441 443 616 622
441 152 443 453
441 443 622 453
573 445 655 147
573 241 445 147
573 681 241 147
515 157 149 448
91 621 157 448
454 453 152 160
454 456 453 160
454 622 456 624
454 622 453 456
454 443 453 622
454 443 152 453
402 449 164 625
402 573 445 655
402 655 164 449
402 655 449 573
472 471 623 627
472 471 158 623
454 456 628 624
471 158 167 472
456 169 628 491
630 175 166 481
483 484 629 625
627 634 472 488
488 634 176 520
488 167 176 509
488 176 634 509
491 178 494 514
491 494 631 514
491 178 169 493
491 178 493 494
491 494 628 631
484 684 173 483
484 629 632 483
247 184 175 507
522 635 631 514
663 514 494 178
522 514 631 494
634 519 185 517
634 517 185 520
634 185 176 520
514 187 522 537
514 522 635 537
514 187 178 663
531 529 191 182
531 529 182 632
535 193 184 549
612 639 535 549
522 638 635 537
537 196 540 555
537 540 638 555
537 196 187 540
537 540 522 638
546 545 200 191
546 545 191 636
549 548 193 202
549 548 535 193
549 535 548 639
548 521 202 549
548 549 639 641
556 554 194 637
556 554 637 642
540 643 638 555
554 194 203 556
678 205 572 570
678 572 643 570
555 205 196 687
555 205 687 678
555 678 540 643
404 210 202 745
404 645 210 568
572 570 585 643
572 570 205 212
285 284 572 212
285 585 572 284
572 570 212 284
572 570 284 585
150 287 322 208
101 287 208 644